0.190000	1.380
0.191656	1.395
0.193312	1.411
0.194967	1.428
0.196623	1.444
0.198279	1.461
0.199935	1.478
0.201591	1.496
0.203247	1.514
0.204902	1.532
0.206558	1.550
0.208214	1.568
0.209870	1.587
0.211526	1.605
0.213182	1.624
0.214837	1.643
0.216493	1.662
0.218149	1.680
0.219805	1.699
0.221461	1.718
0.223117	1.737
0.224772	1.756
0.226428	1.775
0.228084	1.794
0.229740	1.813
0.231396	1.832
0.233052	1.851
0.234707	1.870
0.236363	1.888
0.238019	1.907
0.239675	1.926
0.241331	1.944
0.242986	1.963
0.244642	1.981
0.246298	1.999
0.247954	2.017
0.249610	2.036
0.251266	2.054
0.252921	2.072
0.254577	2.089
0.256233	2.107
0.257889	2.125
0.259545	2.142
0.261201	2.160
0.262856	2.177
0.264512	2.195
0.266168	2.212
0.267824	2.229
0.269480	2.246
0.271136	2.263
0.272791	2.280
0.274447	2.296
0.276103	2.313
0.277759	2.330
0.279415	2.346
0.281071	2.363
0.282726	2.379
0.284382	2.395
0.286038	2.411
0.287694	2.427
0.289350	2.443
0.291006	2.459
0.292661	2.475
0.294317	2.491
0.295973	2.506
0.297629	2.522
0.299285	2.537
0.300940	2.553
0.302596	2.568
0.304252	2.583
0.305908	2.598
0.307564	2.613
0.309220	2.628
0.310875	2.643
0.312531	2.658
0.314187	2.673
0.315843	2.688
0.317499	2.703
0.319155	2.717
0.320810	2.732
0.322466	2.746
0.324122	2.761
0.325778	2.775
0.327434	2.790
0.329090	2.804
0.330745	2.818
0.332401	2.832
0.334057	2.847
0.335713	2.861
0.337369	2.875
0.339025	2.889
0.340680	2.903
0.342336	2.916
0.343992	2.930
0.345648	2.944
0.347304	2.958
0.348959	2.972
0.350615	2.985
0.352271	2.999
0.353927	3.013
0.355583	3.026
0.357239	3.040
0.358894	3.053
0.360550	3.067
0.362206	3.080
0.363862	3.093
0.365518	3.107
0.367174	3.120
0.368829	3.134
0.370485	3.147
0.372141	3.160
0.373797	3.173
0.375453	3.186
0.377109	3.200
0.378764	3.213
0.380420	3.226
0.382076	3.239
0.383732	3.252
0.385388	3.265
0.387044	3.278
0.388699	3.291
0.390355	3.304
0.392011	3.317
0.393667	3.330
0.395323	3.343
0.396978	3.356
0.398634	3.369
0.400290	3.382
0.401946	3.394
0.403602	3.407
0.405258	3.420
0.406913	3.433
0.408569	3.446
0.410225	3.458
0.411881	3.471
0.413537	3.484
0.415193	3.497
0.416848	3.509
0.418504	3.522
0.420160	3.535
0.421816	3.547
0.423472	3.560
0.425128	3.573
0.426783	3.585
0.428439	3.598
0.430095	3.611
0.431751	3.623
0.433407	3.636
0.435063	3.648
0.436718	3.661
0.438374	3.674
0.440030	3.686
0.441686	3.699
0.443342	3.711
0.444998	3.724
0.446653	3.736
0.448309	3.749
0.449965	3.761
0.451621	3.774
0.453277	3.786
0.454932	3.799
0.456588	3.811
0.458244	3.824
0.459900	3.836
0.461556	3.848
0.463212	3.861
0.464867	3.873
0.466523	3.886
0.468179	3.898
0.469835	3.910
0.471491	3.923
0.473147	3.935
0.474802	3.948
0.476458	3.960
0.478114	3.972
0.479770	3.985
0.481426	3.997
0.483082	4.009
0.484737	4.022
0.486393	4.034
0.488049	4.046
0.489705	4.058
0.491361	4.071
0.493017	4.083
0.494672	4.095
0.496328	4.108
0.497984	4.120
0.499640	4.132
0.501296	4.144
0.502951	4.156
0.504607	4.169
0.506263	4.181
0.507919	4.193
0.509575	4.205
0.511231	4.217
0.512886	4.230
0.514542	4.242
0.516198	4.254
0.517854	4.266
0.519510	4.278
0.521166	4.290
0.522821	4.302
0.524477	4.314
0.526133	4.326
0.527789	4.339
0.529445	4.351
0.531101	4.363
0.532756	4.375
0.534412	4.387
0.536068	4.399
0.537724	4.411
0.539380	4.423
0.541036	4.435
0.542691	4.447
0.544347	4.459
0.546003	4.471
0.547659	4.482
0.549315	4.494
0.550970	4.506
0.552626	4.518
0.554282	4.530
0.555938	4.542
0.557594	4.554
0.559250	4.566
0.560905	4.578
0.562561	4.589
0.564217	4.601
0.565873	4.613
0.567529	4.625
0.569185	4.636
0.570840	4.648
0.572496	4.660
0.574152	4.672
0.575808	4.683
0.577464	4.695
0.579120	4.707
0.580775	4.718
0.582431	4.730
0.584087	4.742
0.585743	4.753
0.587399	4.765
0.589055	4.777
0.590710	4.788
0.592366	4.800
0.594022	4.811
0.595678	4.823
0.597334	4.834
0.598989	4.846
0.600645	4.857
0.602301	4.869
0.603957	4.880
0.605613	4.892
0.607269	4.903
0.608924	4.915
0.610580	4.926
0.612236	4.938
0.613892	4.949
0.615548	4.960
0.617204	4.972
0.618859	4.983
0.620515	4.994
0.622171	5.006
0.623827	5.017
0.625483	5.028
0.627139	5.039
0.628794	5.051
0.630450	5.062
0.632106	5.073
0.633762	5.084
0.635418	5.095
0.637074	5.107
0.638729	5.118
0.640385	5.129
0.642041	5.140
0.643697	5.151
0.645353	5.162
0.647008	5.173
0.648664	5.184
0.650320	5.195
0.651976	5.206
0.653632	5.217
0.655288	5.228
0.656943	5.239
0.658599	5.250
0.660255	5.261
0.661911	5.272
0.663567	5.283
0.665223	5.294
0.666878	5.305
0.668534	5.316
0.670190	5.326
0.671846	5.337
0.673502	5.348
0.675158	5.359
0.676813	5.370
0.678469	5.380
0.680125	5.391
0.681781	5.402
0.683437	5.413
0.685093	5.423
0.686748	5.434
0.688404	5.445
0.690060	5.455
0.691716	5.466
0.693372	5.477
0.695028	5.487
0.696683	5.498
0.698339	5.508
0.699995	5.519
0.701651	5.529
0.703307	5.540
0.704962	5.550
0.706618	5.561
0.708274	5.571
0.709930	5.582
0.711586	5.592
0.713242	5.603
0.714897	5.613
0.716553	5.624
0.718209	5.634
0.719865	5.644
0.721521	5.655
0.723177	5.665
0.724832	5.675
0.726488	5.686
0.728144	5.696
0.729800	5.706
0.731456	5.716
0.733112	5.727
0.734767	5.737
0.736423	5.747
0.738079	5.757
0.739735	5.767
0.741391	5.778
0.743047	5.788
0.744702	5.798
0.746358	5.808
0.748014	5.818
0.749670	5.828
0.751326	5.838
0.752981	5.848
0.754637	5.858
0.756293	5.868
0.757949	5.878
0.759605	5.888
0.761261	5.898
0.762916	5.908
0.764572	5.918
0.766228	5.928
0.767884	5.938
0.769540	5.948
0.771196	5.958
0.772851	5.968
0.774507	5.978
0.776163	5.988
0.777819	5.998
0.779475	6.007
0.781131	6.017
0.782786	6.027
0.784442	6.037
0.786098	6.047
0.787754	6.056
0.789410	6.066
0.791066	6.076
0.792721	6.086
0.794377	6.095
0.796033	6.105
0.797689	6.115
0.799345	6.124
0.801000	6.134
0.802656	6.144
0.804312	6.153
0.805968	6.163
0.807624	6.172
0.809280	6.182
0.810935	6.192
0.812591	6.201
0.814247	6.211
0.815903	6.220
0.817559	6.230
0.819215	6.239
0.820870	6.249
0.822526	6.258
0.824182	6.268
0.825838	6.277
0.827494	6.287
0.829150	6.296
0.830805	6.306
0.832461	6.315
0.834117	6.324
0.835773	6.334
0.837429	6.343
0.839085	6.352
0.840740	6.362
0.842396	6.371
0.844052	6.380
0.845708	6.390
0.847364	6.399
0.849020	6.408
0.850675	6.418
0.852331	6.427
0.853987	6.436
0.855643	6.445
0.857299	6.454
0.858954	6.464
0.860610	6.473
0.862266	6.482
0.863922	6.491
0.865578	6.500
0.867234	6.509
0.868889	6.519
0.870545	6.528
0.872201	6.537
0.873857	6.546
0.875513	6.555
0.877169	6.564
0.878824	6.573
0.880480	6.582
0.882136	6.591
0.883792	6.600
0.885448	6.609
0.887104	6.618
0.888759	6.627
0.890415	6.636
0.892071	6.645
0.893727	6.654
0.895383	6.663
0.897039	6.672
0.898694	6.681
0.900350	6.689
0.902006	6.698
0.903662	6.707
0.905318	6.716
0.906973	6.725
0.908629	6.734
0.910285	6.742
0.911941	6.751
0.913597	6.760
0.915253	6.769
0.916908	6.778
0.918564	6.786
0.920220	6.795
0.921876	6.804
0.923532	6.812
0.925188	6.821
0.926843	6.830
0.928499	6.838
0.930155	6.847
0.931811	6.856
0.933467	6.864
0.935123	6.873
0.936778	6.882
0.938434	6.890
0.940090	6.899
0.941746	6.907
0.943402	6.916
0.945058	6.924
0.946713	6.933
0.948369	6.941
0.950025	6.950
0.951681	6.958
0.953337	6.967
0.954992	6.975
0.956648	6.983
0.958304	6.992
0.959960	7.000
0.961616	7.009
0.963272	7.017
0.964927	7.025
0.966583	7.034
0.968239	7.042
0.969895	7.050
0.971551	7.059
0.973207	7.067
0.974862	7.075
0.976518	7.083
0.978174	7.092
0.979830	7.100
0.981486	7.108
0.983142	7.116
0.984797	7.124
0.986453	7.133
0.988109	7.141
0.989765	7.149
0.991421	7.157
0.993077	7.165
0.994732	7.173
0.996388	7.181
0.998044	7.189
0.999700	7.197
1.001356	7.205
1.003012	7.213
1.004667	7.221
1.006323	7.229
1.007979	7.237
1.009635	7.245
1.011291	7.253
1.012946	7.261
1.014602	7.269
1.016258	7.277
1.017914	7.284
1.019570	7.292
1.021226	7.300
1.022881	7.308
1.024537	7.316
1.026193	7.323
1.027849	7.331
1.029505	7.339
1.031161	7.347
1.032816	7.354
1.034472	7.362
1.036128	7.370
1.037784	7.377
1.039440	7.385
1.041096	7.393
1.042751	7.400
1.044407	7.408
1.046063	7.415
1.047719	7.423
1.049375	7.430
1.051031	7.438
1.052686	7.445
1.054342	7.453
1.055998	7.460
1.057654	7.468
1.059310	7.475
1.060965	7.483
1.062621	7.490
1.064277	7.497
1.065933	7.505
1.067589	7.512
1.069245	7.519
1.070900	7.527
1.072556	7.534
1.074212	7.541
1.075868	7.548
1.077524	7.555
1.079180	7.563
1.080835	7.570
1.082491	7.577
1.084147	7.584
1.085803	7.591
1.087459	7.598
1.089115	7.605
1.090770	7.612
1.092426	7.619
1.094082	7.626
1.095738	7.633
1.097394	7.640
1.099050	7.647
1.100705	7.654
1.102361	7.661
1.104017	7.668
1.105673	7.675
1.107329	7.682
1.108984	7.689
1.110640	7.695
1.112296	7.702
1.113952	7.709
1.115608	7.716
1.117264	7.722
1.118919	7.729
1.120575	7.736
1.122231	7.742
1.123887	7.749
1.125543	7.756
1.127199	7.762
1.128854	7.769
1.130510	7.775
1.132166	7.782
1.133822	7.788
1.135478	7.795
1.137134	7.801
1.138789	7.808
1.140445	7.814
1.142101	7.821
1.143757	7.827
1.145413	7.833
1.147069	7.840
1.148724	7.846
1.150380	7.852
1.152036	7.859
1.153692	7.865
1.155348	7.871
1.157004	7.877
1.158659	7.883
1.160315	7.890
1.161971	7.896
1.163627	7.902
1.165283	7.908
1.166938	7.914
1.168594	7.920
1.170250	7.926
1.171906	7.932
1.173562	7.938
1.175218	7.944
1.176873	7.950
1.178529	7.956
1.180185	7.962
1.181841	7.968
1.183497	7.973
1.185153	7.979
1.186808	7.985
1.188464	7.991
1.190120	7.997
1.191776	8.002
1.193432	8.008
1.195088	8.014
1.196743	8.019
1.198399	8.025
1.200055	8.031
1.201711	8.036
1.203367	8.042
1.205023	8.047
1.206678	8.053
1.208334	8.058
1.209990	8.064
1.211646	8.069
1.213302	8.075
1.214957	8.080
1.216613	8.085
1.218269	8.091
1.219925	8.096
1.221581	8.101
1.223237	8.107
1.224892	8.112
1.226548	8.117
1.228204	8.122
1.229860	8.128
1.231516	8.133
1.233172	8.138
1.234827	8.143
1.236483	8.148
1.238139	8.153
1.239795	8.158
1.241451	8.163
1.243107	8.168
1.244762	8.173
1.246418	8.178
1.248074	8.183
1.249730	8.188
1.251386	8.193
1.253042	8.198
1.254697	8.203
1.256353	8.208
1.258009	8.212
1.259665	8.217
1.261321	8.222
1.262976	8.227
1.264632	8.231
1.266288	8.236
1.267944	8.241
1.269600	8.246
1.271256	8.250
1.272911	8.255
1.274567	8.259
1.276223	8.264
1.277879	8.268
1.279535	8.273
1.281191	8.277
1.282846	8.282
1.284502	8.286
1.286158	8.291
1.287814	8.295
1.289470	8.300
1.291126	8.304
1.292781	8.308
1.294437	8.313
1.296093	8.317
1.297749	8.321
1.299405	8.325
1.301061	8.330
1.302716	8.334
1.304372	8.338
1.306028	8.342
1.307684	8.346
1.309340	8.350
1.310996	8.355
1.312651	8.359
1.314307	8.363
1.315963	8.367
1.317619	8.371
1.319275	8.375
1.320930	8.379
1.322586	8.383
1.324242	8.387
1.325898	8.391
1.327554	8.394
1.329210	8.398
1.330865	8.402
1.332521	8.406
1.334177	8.410
1.335833	8.414
1.337489	8.417
1.339145	8.421
1.340800	8.425
1.342456	8.429
1.344112	8.432
1.345768	8.436
1.347424	8.440
1.349080	8.443
1.350735	8.447
1.352391	8.450
1.354047	8.454
1.355703	8.458
1.357359	8.461
1.359015	8.465
1.360670	8.468
1.362326	8.472
1.363982	8.475
1.365638	8.478
1.367294	8.482
1.368949	8.485
1.370605	8.489
1.372261	8.492
1.373917	8.495
1.375573	8.499
1.377229	8.502
1.378884	8.505
1.380540	8.509
1.382196	8.512
1.383852	8.515
1.385508	8.518
1.387164	8.522
1.388819	8.525
1.390475	8.528
1.392131	8.531
1.393787	8.534
1.395443	8.537
1.397099	8.541
1.398754	8.544
1.400410	8.547
1.402066	8.550
1.403722	8.553
1.405378	8.556
1.407034	8.559
1.408689	8.562
1.410345	8.565
1.412001	8.568
1.413657	8.571
1.415313	8.574
1.416968	8.577
1.418624	8.580
1.420280	8.582
1.421936	8.585
1.423592	8.588
1.425248	8.591
1.426903	8.594
1.428559	8.597
1.430215	8.600
1.431871	8.602
1.433527	8.605
1.435183	8.608
1.436838	8.611
1.438494	8.613
1.440150	8.616
1.441806	8.619
1.443462	8.622
1.445118	8.624
1.446773	8.627
1.448429	8.630
1.450085	8.632
1.451741	8.635
1.453397	8.637
1.455053	8.640
1.456708	8.643
1.458364	8.645
1.460020	8.648
1.461676	8.650
1.463332	8.653
1.464987	8.656
1.466643	8.658
1.468299	8.661
1.469955	8.663
1.471611	8.666
1.473267	8.668
1.474922	8.671
1.476578	8.673
1.478234	8.676
1.479890	8.678
1.481546	8.680
1.483202	8.683
1.484857	8.685
1.486513	8.688
1.488169	8.690
1.489825	8.692
1.491481	8.695
1.493137	8.697
1.494792	8.700
1.496448	8.702
1.498104	8.704
1.499760	8.707
1.501416	8.709
1.503072	8.711
1.504727	8.714
1.506383	8.716
1.508039	8.718
1.509695	8.721
1.511351	8.723
1.513006	8.725
1.514662	8.727
1.516318	8.730
1.517974	8.732
1.519630	8.734
1.521286	8.737
1.522941	8.739
1.524597	8.741
1.526253	8.743
1.527909	8.746
1.529565	8.748
1.531221	8.750
1.532876	8.752
1.534532	8.754
1.536188	8.757
1.537844	8.759
1.539500	8.761
1.541156	8.763
1.542811	8.765
1.544467	8.768
1.546123	8.770
1.547779	8.772
1.549435	8.774
1.551091	8.776
1.552746	8.778
1.554402	8.781
1.556058	8.783
1.557714	8.785
1.559370	8.787
1.561026	8.789
1.562681	8.791
1.564337	8.794
1.565993	8.796
1.567649	8.798
1.569305	8.800
1.570960	8.802
1.572616	8.804
1.574272	8.806
1.575928	8.808
1.577584	8.811
1.579240	8.813
1.580895	8.815
1.582551	8.817
1.584207	8.819
1.585863	8.821
1.587519	8.823
1.589175	8.826
1.590830	8.828
1.592486	8.830
1.594142	8.832
1.595798	8.834
1.597454	8.836
1.599110	8.838
1.600765	8.840
1.602421	8.843
1.604077	8.845
1.605733	8.847
1.607389	8.849
1.609045	8.851
1.610700	8.853
1.612356	8.855
1.614012	8.858
1.615668	8.860
1.617324	8.862
1.618979	8.864
1.620635	8.866
1.622291	8.868
1.623947	8.870
1.625603	8.873
1.627259	8.875
1.628914	8.877
1.630570	8.879
1.632226	8.881
1.633882	8.883
1.635538	8.886
1.637194	8.888
1.638849	8.890
1.640505	8.892
1.642161	8.894
1.643817	8.897
1.645473	8.899
1.647129	8.901
1.648784	8.903
1.650440	8.905
1.652096	8.908
1.653752	8.910
1.655408	8.912
1.657064	8.914
1.658719	8.917
1.660375	8.919
1.662031	8.921
1.663687	8.923
1.665343	8.926
1.666998	8.928
1.668654	8.930
1.670310	8.933
1.671966	8.935
1.673622	8.937
1.675278	8.939
1.676933	8.942
1.678589	8.944
1.680245	8.946
1.681901	8.949
1.683557	8.951
1.685213	8.953
1.686868	8.956
1.688524	8.958
1.690180	8.961
1.691836	8.963
1.693492	8.965
1.695148	8.968
1.696803	8.970
1.698459	8.973
1.700115	8.975
1.701771	8.977
1.703427	8.980
1.705083	8.982
1.706738	8.985
1.708394	8.987
1.710050	8.990
1.711706	8.992
1.713362	8.995
1.715018	8.997
1.716673	9.000
1.718329	9.002
1.719985	9.005
1.721641	9.007
1.723297	9.010
1.724952	9.012
1.726608	9.015
1.728264	9.017
1.729920	9.020
1.731576	9.023
1.733232	9.025
1.734887	9.028
1.736543	9.031
1.738199	9.033
1.739855	9.036
1.741511	9.039
1.743167	9.041
1.744822	9.044
1.746478	9.047
1.748134	9.049
1.749790	9.052
1.751446	9.055
1.753102	9.057
1.754757	9.060
1.756413	9.063
1.758069	9.066
1.759725	9.069
1.761381	9.071
1.763037	9.074
1.764692	9.077
1.766348	9.080
1.768004	9.083
1.769660	9.086
1.771316	9.088
1.772971	9.091
1.774627	9.094
1.776283	9.097
1.777939	9.100
1.779595	9.103
1.781251	9.106
1.782906	9.109
1.784562	9.112
1.786218	9.115
1.787874	9.118
1.789530	9.121
1.791186	9.124
1.792841	9.127
1.794497	9.130
1.796153	9.133
1.797809	9.136
1.799465	9.139
1.801121	9.143
1.802776	9.146
1.804432	9.149
1.806088	9.152
1.807744	9.155
1.809400	9.158
1.811056	9.162
1.812711	9.165
1.814367	9.168
1.816023	9.171
1.817679	9.175
1.819335	9.178
1.820990	9.181
1.822646	9.184
1.824302	9.188
1.825958	9.191
1.827614	9.194
1.829270	9.198
1.830925	9.201
1.832581	9.205
1.834237	9.208
1.835893	9.211
1.837549	9.215
1.839205	9.218
1.840860	9.222
1.842516	9.225
1.844172	9.229
1.845828	9.232
1.847484	9.236
1.849140	9.239
1.850795	9.243
1.852451	9.247
1.854107	9.250
1.855763	9.254
1.857419	9.257
1.859075	9.261
1.860730	9.265
1.862386	9.268
1.864042	9.272
1.865698	9.276
1.867354	9.280
1.869010	9.283
1.870665	9.287
1.872321	9.291
1.873977	9.295
1.875633	9.299
1.877289	9.302
1.878944	9.306
1.880600	9.310
1.882256	9.314
1.883912	9.318
1.885568	9.322
1.887224	9.326
1.888879	9.330
1.890535	9.334
1.892191	9.338
1.893847	9.342
1.895503	9.346
1.897159	9.350
1.898814	9.354
1.900470	9.358
1.902126	9.362
1.903782	9.366
1.905438	9.370
1.907094	9.374
1.908749	9.378
1.910405	9.383
1.912061	9.387
1.913717	9.391
1.915373	9.395
1.917029	9.399
1.918684	9.404
1.920340	9.408
1.921996	9.412
1.923652	9.417
1.925308	9.421
1.926963	9.425
1.928619	9.430
1.930275	9.434
1.931931	9.438
1.933587	9.443
1.935243	9.447
1.936898	9.452
1.938554	9.456
1.940210	9.461
1.941866	9.465
1.943522	9.470
1.945178	9.474
1.946833	9.479
1.948489	9.483
1.950145	9.488
1.951801	9.493
1.953457	9.497
1.955113	9.502
1.956768	9.507
1.958424	9.511
1.960080	9.516
1.961736	9.521
1.963392	9.525
1.965048	9.530
1.966703	9.535
1.968359	9.540
1.970015	9.544
1.971671	9.549
1.973327	9.554
1.974982	9.559
1.976638	9.564
1.978294	9.569
1.979950	9.574
1.981606	9.579
1.983262	9.584
1.984917	9.589
1.986573	9.594
1.988229	9.599
1.989885	9.604
1.991541	9.609
1.993197	9.614
1.994852	9.619
1.996508	9.624
1.998164	9.629
1.999820	9.634
2.001476	9.639
2.003132	9.645
2.004787	9.650
2.006443	9.655
2.008099	9.660
2.009755	9.665
2.011411	9.671
2.013067	9.676
2.014722	9.681
2.016378	9.687
2.018034	9.692
2.019690	9.697
2.021346	9.703
2.023002	9.708
2.024657	9.713
2.026313	9.719
2.027969	9.724
2.029625	9.730
2.031281	9.735
2.032936	9.741
2.034592	9.746
2.036248	9.752
2.037904	9.757
2.039560	9.763
2.041216	9.768
2.042871	9.774
2.044527	9.780
2.046183	9.785
2.047839	9.791
2.049495	9.797
2.051151	9.802
2.052806	9.808
2.054462	9.814
2.056118	9.820
2.057774	9.825
2.059430	9.831
2.061086	9.837
2.062741	9.843
2.064397	9.849
2.066053	9.854
2.067709	9.860
2.069365	9.866
2.071021	9.872
2.072676	9.878
2.074332	9.884
2.075988	9.890
2.077644	9.896
2.079300	9.902
2.080955	9.908
2.082611	9.914
2.084267	9.920
2.085923	9.926
2.087579	9.932
2.089235	9.938
2.090890	9.944
2.092546	9.950
2.094202	9.957
2.095858	9.963
2.097514	9.969
2.099170	9.975
2.100825	9.981
2.102481	9.988
2.104137	9.994
2.105793	10.000
2.107449	10.006
2.109105	10.013
2.110760	10.019
2.112416	10.025
2.114072	10.032
2.115728	10.038
2.117384	10.045
2.119040	10.051
2.120695	10.057
2.122351	10.064
2.124007	10.070
2.125663	10.077
2.127319	10.083
2.128974	10.090
2.130630	10.096
2.132286	10.103
2.133942	10.109
2.135598	10.116
2.137254	10.123
2.138909	10.129
2.140565	10.136
2.142221	10.142
2.143877	10.149
2.145533	10.156
2.147189	10.163
2.148844	10.169
2.150500	10.176
2.152156	10.183
2.153812	10.189
2.155468	10.196
2.157124	10.203
2.158779	10.210
2.160435	10.217
2.162091	10.223
2.163747	10.230
2.165403	10.237
2.167059	10.244
2.168714	10.251
2.170370	10.258
2.172026	10.265
2.173682	10.272
2.175338	10.279
2.176994	10.286
2.178649	10.293
2.180305	10.300
2.181961	10.307
2.183617	10.314
2.185273	10.321
2.186928	10.328
2.188584	10.335
2.190240	10.342
2.191896	10.349
2.193552	10.356
2.195208	10.364
2.196863	10.371
2.198519	10.378
2.200175	10.385
2.201831	10.392
2.203487	10.400
2.205143	10.407
2.206798	10.414
2.208454	10.421
2.210110	10.429
2.211766	10.436
2.213422	10.443
2.215078	10.451
2.216733	10.458
2.218389	10.465
2.220045	10.473
2.221701	10.480
2.223357	10.488
2.225013	10.495
2.226668	10.502
2.228324	10.510
2.229980	10.517
2.231636	10.525
2.233292	10.532
2.234947	10.540
2.236603	10.547
2.238259	10.555
2.239915	10.562
2.241571	10.570
2.243227	10.578
2.244882	10.585
2.246538	10.593
2.248194	10.600
2.249850	10.608
2.251506	10.616
2.253162	10.623
2.254817	10.631
2.256473	10.639
2.258129	10.646
2.259785	10.654
2.261441	10.662
2.263097	10.670
2.264752	10.677
2.266408	10.685
2.268064	10.693
2.269720	10.701
2.271376	10.709
2.273032	10.716
2.274687	10.724
2.276343	10.732
2.277999	10.740
2.279655	10.748
2.281311	10.756
2.282966	10.764
2.284622	10.772
2.286278	10.780
2.287934	10.788
2.289590	10.795
2.291246	10.803
2.292901	10.811
2.294557	10.819
2.296213	10.827
2.297869	10.835
2.299525	10.844
2.301181	10.852
2.302836	10.860
2.304492	10.868
2.306148	10.876
2.307804	10.884
2.309460	10.892
2.311116	10.900
2.312771	10.908
2.314427	10.916
2.316083	10.925
2.317739	10.933
2.319395	10.941
2.321051	10.949
2.322706	10.957
2.324362	10.966
2.326018	10.974
2.327674	10.982
2.329330	10.990
2.330985	10.999
2.332641	11.007
2.334297	11.015
2.335953	11.024
2.337609	11.032
2.339265	11.040
2.340920	11.049
2.342576	11.057
2.344232	11.065
2.345888	11.074
2.347544	11.082
2.349200	11.090
2.350855	11.099
2.352511	11.107
2.354167	11.116
2.355823	11.124
2.357479	11.133
2.359135	11.141
2.360790	11.150
2.362446	11.158
2.364102	11.167
2.365758	11.175
2.367414	11.184
2.369070	11.192
2.370725	11.201
2.372381	11.209
2.374037	11.218
2.375693	11.226
2.377349	11.235
2.379004	11.243
2.380660	11.252
2.382316	11.261
2.383972	11.269
2.385628	11.278
2.387284	11.287
2.388939	11.295
2.390595	11.304
2.392251	11.313
2.393907	11.321
2.395563	11.330
2.397219	11.339
2.398874	11.347
2.400530	11.356
2.402186	11.365
2.403842	11.374
2.405498	11.382
2.407154	11.391
2.408809	11.400
2.410465	11.409
2.412121	11.418
2.413777	11.426
2.415433	11.435
2.417089	11.444
2.418744	11.453
2.420400	11.462
2.422056	11.471
2.423712	11.479
2.425368	11.488
2.427024	11.497
2.428679	11.506
2.430335	11.515
2.431991	11.524
2.433647	11.533
2.435303	11.542
2.436958	11.551
2.438614	11.560
2.440270	11.569
2.441926	11.578
2.443582	11.587
2.445238	11.596
2.446893	11.605
2.448549	11.614
2.450205	11.623
2.451861	11.632
2.453517	11.641
2.455173	11.650
2.456828	11.659
2.458484	11.668
2.460140	11.677
2.461796	11.686
2.463452	11.695
2.465108	11.704
2.466763	11.713
2.468419	11.722
2.470075	11.731
2.471731	11.741
2.473387	11.750
2.475043	11.759
2.476698	11.768
2.478354	11.777
2.480010	11.786
2.481666	11.795
2.483322	11.805
2.484977	11.814
2.486633	11.823
2.488289	11.832
2.489945	11.841
2.491601	11.851
2.493257	11.860
2.494912	11.869
2.496568	11.878
2.498224	11.888
2.499880	11.897
2.501536	11.906
2.503192	11.915
2.504847	11.925
2.506503	11.934
2.508159	11.943
2.509815	11.953
2.511471	11.962
2.513127	11.971
2.514782	11.981
2.516438	11.990
2.518094	11.999
2.519750	12.009
2.521406	12.018
2.523062	12.027
2.524717	12.037
2.526373	12.046
2.528029	12.055
2.529685	12.065
2.531341	12.074
2.532996	12.084
2.534652	12.093
2.536308	12.102
2.537964	12.112
2.539620	12.121
2.541276	12.131
2.542931	12.140
2.544587	12.150
2.546243	12.159
2.547899	12.168
2.549555	12.178
2.551211	12.187
2.552866	12.197
2.554522	12.206
2.556178	12.216
2.557834	12.225
2.559490	12.235
2.561146	12.244
2.562801	12.254
2.564457	12.263
2.566113	12.273
2.567769	12.283
2.569425	12.292
2.571081	12.302
2.572736	12.311
2.574392	12.321
2.576048	12.330
2.577704	12.340
2.579360	12.350
2.581016	12.359
2.582671	12.369
2.584327	12.378
2.585983	12.388
2.587639	12.398
2.589295	12.407
2.590950	12.417
2.592606	12.426
2.594262	12.436
2.595918	12.446
2.597574	12.455
2.599230	12.465
2.600885	12.475
2.602541	12.484
2.604197	12.494
2.605853	12.504
2.607509	12.513
2.609165	12.523
2.610820	12.533
2.612476	12.542
2.614132	12.552
2.615788	12.562
2.617444	12.572
2.619100	12.581
2.620755	12.591
2.622411	12.601
2.624067	12.610
2.625723	12.620
2.627379	12.630
2.629035	12.640
2.630690	12.649
2.632346	12.659
2.634002	12.669
2.635658	12.679
2.637314	12.688
2.638969	12.698
2.640625	12.708
2.642281	12.718
2.643937	12.728
2.645593	12.737
2.647249	12.747
2.648904	12.757
2.650560	12.767
2.652216	12.777
2.653872	12.786
2.655528	12.796
2.657184	12.806
2.658839	12.816
2.660495	12.826
2.662151	12.836
2.663807	12.845
2.665463	12.855
2.667119	12.865
2.668774	12.875
2.670430	12.885
2.672086	12.895
2.673742	12.905
2.675398	12.915
2.677054	12.924
2.678709	12.934
2.680365	12.944
2.682021	12.954
2.683677	12.964
2.685333	12.974
2.686988	12.984
2.688644	12.994
2.690300	13.004
2.691956	13.014
2.693612	13.023
2.695268	13.033
2.696923	13.043
2.698579	13.053
2.700235	13.063
2.701891	13.073
2.703547	13.083
2.705203	13.093
2.706858	13.103
2.708514	13.113
2.710170	13.123
2.711826	13.133
2.713482	13.143
2.715138	13.153
2.716793	13.163
2.718449	13.173
2.720105	13.183
2.721761	13.193
2.723417	13.203
2.725073	13.213
2.726728	13.223
2.728384	13.233
2.730040	13.243
2.731696	13.253
2.733352	13.263
2.735008	13.273
2.736663	13.283
2.738319	13.293
2.739975	13.303
2.741631	13.313
2.743287	13.323
2.744942	13.333
2.746598	13.343
2.748254	13.353
2.749910	13.363
2.751566	13.373
2.753222	13.383
2.754877	13.393
2.756533	13.403
2.758189	13.414
2.759845	13.424
2.761501	13.434
2.763157	13.444
2.764812	13.454
2.766468	13.464
2.768124	13.474
2.769780	13.484
2.771436	13.494
2.773092	13.504
2.774747	13.514
2.776403	13.524
2.778059	13.535
2.779715	13.545
2.781371	13.555
2.783027	13.565
2.784682	13.575
2.786338	13.585
2.787994	13.595
2.789650	13.605
2.791306	13.615
2.792961	13.626
2.794617	13.636
2.796273	13.646
2.797929	13.656
2.799585	13.666
2.801241	13.676
2.802896	13.686
2.804552	13.697
2.806208	13.707
2.807864	13.717
2.809520	13.727
2.811176	13.737
2.812831	13.747
2.814487	13.758
2.816143	13.768
2.817799	13.778
2.819455	13.788
2.821111	13.798
2.822766	13.808
2.824422	13.819
2.826078	13.829
2.827734	13.839
2.829390	13.849
2.831046	13.859
2.832701	13.869
2.834357	13.880
2.836013	13.890
2.837669	13.900
2.839325	13.910
2.840980	13.920
2.842636	13.931
2.844292	13.941
2.845948	13.951
2.847604	13.961
2.849260	13.972
2.850915	13.982
2.852571	13.992
2.854227	14.002
2.855883	14.012
2.857539	14.023
2.859195	14.033
2.860850	14.043
2.862506	14.053
2.864162	14.064
2.865818	14.074
2.867474	14.084
2.869130	14.094
2.870785	14.104
2.872441	14.115
2.874097	14.125
2.875753	14.135
2.877409	14.145
2.879065	14.156
2.880720	14.166
2.882376	14.176
2.884032	14.186
2.885688	14.197
2.887344	14.207
2.889000	14.217
2.890655	14.228
2.892311	14.238
2.893967	14.248
2.895623	14.258
2.897279	14.269
2.898934	14.279
2.900590	14.289
2.902246	14.299
2.903902	14.310
2.905558	14.320
2.907214	14.330
2.908869	14.341
2.910525	14.351
2.912181	14.361
2.913837	14.371
2.915493	14.382
2.917149	14.392
2.918804	14.402
2.920460	14.413
2.922116	14.423
2.923772	14.433
2.925428	14.443
2.927084	14.454
2.928739	14.464
2.930395	14.474
2.932051	14.485
2.933707	14.495
2.935363	14.505
2.937019	14.516
2.938674	14.526
2.940330	14.536
2.941986	14.547
2.943642	14.557
2.945298	14.567
2.946953	14.578
2.948609	14.588
2.950265	14.598
2.951921	14.608
2.953577	14.619
2.955233	14.629
2.956888	14.639
2.958544	14.650
2.960200	14.660
2.961856	14.670
2.963512	14.681
2.965168	14.691
2.966823	14.701
2.968479	14.712
2.970135	14.722
2.971791	14.732
2.973447	14.743
2.975103	14.753
2.976758	14.764
2.978414	14.774
2.980070	14.784
2.981726	14.795
2.983382	14.805
2.985038	14.815
2.986693	14.826
2.988349	14.836
2.990005	14.846
2.991661	14.857
2.993317	14.867
2.994972	14.877
2.996628	14.888
2.998284	14.898
2.999940	14.908
3.001596	14.919
3.003252	14.929
3.004907	14.940
3.006563	14.950
3.008219	14.960
3.009875	14.971
3.011531	14.981
3.013187	14.991
3.014842	15.002
3.016498	15.012
3.018154	15.022
3.019810	15.033
3.021466	15.043
3.023122	15.054
3.024777	15.064
3.026433	15.074
3.028089	15.085
3.029745	15.095
3.031401	15.105
3.033057	15.116
3.034712	15.126
3.036368	15.137
3.038024	15.147
3.039680	15.157
3.041336	15.168
3.042992	15.178
3.044647	15.188
3.046303	15.199
3.047959	15.209
3.049615	15.220
3.051271	15.230
3.052926	15.240
3.054582	15.251
3.056238	15.261
3.057894	15.272
3.059550	15.282
3.061206	15.292
3.062861	15.303
3.064517	15.313
3.066173	15.324
3.067829	15.334
3.069485	15.344
3.071141	15.355
3.072796	15.365
3.074452	15.376
3.076108	15.386
3.077764	15.396
3.079420	15.407
3.081076	15.417
3.082731	15.428
3.084387	15.438
3.086043	15.448
3.087699	15.459
3.089355	15.469
3.091011	15.480
3.092666	15.490
3.094322	15.500
3.095978	15.511
3.097634	15.521
3.099290	15.532
3.100945	15.542
3.102601	15.552
3.104257	15.563
3.105913	15.573
3.107569	15.584
3.109225	15.594
3.110880	15.604
3.112536	15.615
3.114192	15.625
3.115848	15.636
3.117504	15.646
3.119160	15.657
3.120815	15.667
3.122471	15.677
3.124127	15.688
3.125783	15.698
3.127439	15.709
3.129095	15.719
3.130750	15.729
3.132406	15.740
3.134062	15.750
3.135718	15.761
3.137374	15.771
3.139030	15.782
3.140685	15.792
3.142341	15.802
3.143997	15.813
3.145653	15.823
3.147309	15.834
3.148964	15.844
3.150620	15.854
3.152276	15.865
3.153932	15.875
3.155588	15.886
3.157244	15.896
3.158899	15.907
3.160555	15.917
3.162211	15.927
3.163867	15.938
3.165523	15.948
3.167179	15.959
3.168834	15.969
3.170490	15.980
3.172146	15.990
3.173802	16.000
3.175458	16.011
3.177114	16.021
3.178769	16.032
3.180425	16.042
3.182081	16.053
3.183737	16.063
3.185393	16.073
3.187049	16.084
3.188704	16.094
3.190360	16.105
3.192016	16.115
3.193672	16.126
3.195328	16.136
3.196983	16.146
3.198639	16.157
3.200295	16.167
3.201951	16.178
3.203607	16.188
3.205263	16.199
3.206918	16.209
3.208574	16.219
3.210230	16.230
3.211886	16.240
3.213542	16.251
3.215198	16.261
3.216853	16.272
3.218509	16.282
3.220165	16.292
3.221821	16.303
3.223477	16.313
3.225133	16.324
3.226788	16.334
3.228444	16.345
3.230100	16.355
3.231756	16.365
3.233412	16.376
3.235068	16.386
3.236723	16.397
3.238379	16.407
3.240035	16.418
3.241691	16.428
3.243347	16.438
3.245002	16.449
3.246658	16.459
3.248314	16.470
3.249970	16.480
3.251626	16.491
3.253282	16.501
3.254937	16.511
3.256593	16.522
3.258249	16.532
3.259905	16.543
3.261561	16.553
3.263217	16.564
3.264872	16.574
3.266528	16.584
3.268184	16.595
3.269840	16.605
3.271496	16.616
3.273152	16.626
3.274807	16.637
3.276463	16.647
3.278119	16.658
3.279775	16.668
3.281431	16.678
3.283087	16.689
3.284742	16.699
3.286398	16.710
3.288054	16.720
3.289710	16.731
3.291366	16.741
3.293022	16.751
3.294677	16.762
3.296333	16.772
3.297989	16.783
3.299645	16.793
3.301301	16.804
3.302956	16.814
3.304612	16.824
3.306268	16.835
3.307924	16.845
3.309580	16.856
3.311236	16.866
3.312891	16.877
3.314547	16.887
3.316203	16.897
3.317859	16.908
3.319515	16.918
3.321171	16.929
3.322826	16.939
3.324482	16.950
3.326138	16.960
3.327794	16.970
3.329450	16.981
3.331106	16.991
3.332761	17.002
3.334417	17.012
3.336073	17.023
3.337729	17.033
3.339385	17.043
3.341041	17.054
3.342696	17.064
3.344352	17.075
3.346008	17.085
3.347664	17.096
3.349320	17.106
3.350975	17.116
3.352631	17.127
3.354287	17.137
3.355943	17.148
3.357599	17.158
3.359255	17.169
3.360910	17.179
3.362566	17.189
3.364222	17.200
3.365878	17.210
3.367534	17.221
3.369190	17.231
3.370845	17.242
3.372501	17.252
3.374157	17.262
3.375813	17.273
3.377469	17.283
3.379125	17.294
3.380780	17.304
3.382436	17.315
3.384092	17.325
3.385748	17.335
3.387404	17.346
3.389060	17.356
3.390715	17.367
3.392371	17.377
3.394027	17.388
3.395683	17.398
3.397339	17.408
3.398994	17.419
3.400650	17.429
3.402306	17.440
3.403962	17.450
3.405618	17.460
3.407274	17.471
3.408929	17.481
3.410585	17.492
3.412241	17.502
3.413897	17.513
3.415553	17.523
3.417209	17.533
3.418864	17.544
3.420520	17.554
3.422176	17.565
3.423832	17.575
3.425488	17.586
3.427144	17.596
3.428799	17.606
3.430455	17.617
3.432111	17.627
3.433767	17.638
3.435423	17.648
3.437079	17.658
3.438734	17.669
3.440390	17.679
3.442046	17.690
3.443702	17.700
3.445358	17.711
3.447014	17.721
3.448669	17.731
3.450325	17.742
3.451981	17.752
3.453637	17.763
3.455293	17.773
3.456948	17.783
3.458604	17.794
3.460260	17.804
3.461916	17.815
3.463572	17.825
3.465228	17.835
3.466883	17.846
3.468539	17.856
3.470195	17.867
3.471851	17.877
3.473507	17.887
3.475163	17.898
3.476818	17.908
3.478474	17.919
3.480130	17.929
3.481786	17.940
3.483442	17.950
3.485098	17.960
3.486753	17.971
3.488409	17.981
3.490065	17.992
3.491721	18.002
3.493377	18.012
3.495033	18.023
3.496688	18.033
3.498344	18.044
3.500000	18.054