0.250019531	1.933476
0.251615875	1.949911
0.253212234	1.966482
0.254808594	1.983489
0.256404968	2.00143
0.258001404	2.020461
0.259597809	2.040338
0.261194214	2.060318
0.262790649	2.0797
0.264387085	2.098277
0.265983551	2.116147
0.267580017	2.133665
0.269176483	2.151044
0.27077298	2.16838
0.272369446	2.1857
0.273965973	2.20301
0.275562469	2.220368
0.277158997	2.237894
0.278755524	2.255854
0.280352081	2.274459
0.281948608	2.293647
0.283545135	2.313157
0.285141693	2.332382
0.286738251	2.350739
0.288334839	2.368058
0.289931396	2.384393
0.291527985	2.400055
0.293124573	2.415493
0.29472113	2.43095
0.296317719	2.446577
0.297914307	2.462477
0.299510895	2.478735
0.301107483	2.495394
0.302704071	2.512464
0.30430069	2.529925
0.305897278	2.547719
0.307493866	2.565766
0.309090485	2.584016
0.310687073	2.602433
0.312283661	2.620997
0.31388028	2.6397
0.315476868	2.658536
0.317073456	2.677467
0.318670044	2.696431
0.320266632	2.715333
0.32186322	2.733999
0.323459808	2.75222
0.325056396	2.769943
0.326652954	2.787208
0.328249542	2.804137
0.32984613	2.820974
0.331442688	2.838154
0.333039246	2.855928
0.334635773	2.874359
0.33623233	2.89339
0.337828857	2.912848
0.339425385	2.932351
0.341021912	2.951374
0.342618439	2.969713
0.344214935	2.987367
0.345811462	3.004481
0.347407928	3.021361
0.349004425	3.038648
0.350600891	3.057212
0.352197357	3.077401
0.353793793	3.099237
0.355390259	3.122515
0.356986664	3.146814
0.358583099	3.171388
0.360179504	3.194953
0.361775909	3.216655
0.363372284	3.23614
0.364968658	3.253304
0.366565002	3.268232
0.368161346	3.281198
0.36975766	3.292785
0.371353973	3.303896
0.372950287	3.315083
0.37454657	3.326658
0.376142853	3.338813
0.377739075	3.351643
0.379335327	3.365164
0.380931549	3.379289
0.382527771	3.393803
0.384123932	3.408558
0.385720093	3.423472
0.387316223	3.438494
0.388912384	3.453586
0.390508484	3.468723
0.392104553	3.483888
0.393700623	3.499068
0.395296692	3.514252
0.396892731	3.529441
0.398488708	3.544644
0.400084717	3.559874
0.401680695	3.575153
0.403276642	3.59051
0.404872559	3.605989
0.406468445	3.621662
0.408064331	3.637629
0.409660156	3.653938
0.411256012	3.67061
0.412851807	3.687644
0.414447571	3.705026
0.416043304	3.722728
0.417639069	3.740709
0.419234772	3.758906
0.420830414	3.777217
0.422426086	3.79554
0.424021729	3.813814
0.425617279	3.831995
0.427212891	3.850051
0.428808411	3.86796
0.4304039	3.885706
0.43199942	3.903277
0.433594818	3.920667
0.435190277	3.937879
0.436785645	3.954913
0.438381012	3.971777
0.439976379	3.988476
0.441571625	4.005017
0.443166931	4.02141
0.444762146	4.037666
0.446357361	4.053802
0.447952545	4.069837
0.449547668	4.085797
0.451142761	4.101727
0.452737854	4.117685
0.454332855	4.133698
0.455927887	4.149781
0.457522858	4.165933
0.459117767	4.182147
0.460712708	4.198411
0.462307556	4.214698
0.463902405	4.230981
0.465497162	4.247216
0.467091888	4.263346
0.468686615	4.279271
0.470281311	4.294892
0.471875916	4.310154
0.47347052	4.325023
0.475065094	4.339482
0.476659607	4.353522
0.478254089	4.367146
0.479848541	4.380364
0.481442932	4.393194
0.483037292	4.405664
0.484631592	4.417811
0.486225891	4.429691
0.487820129	4.44139
0.489414307	4.452973
0.491008453	4.464488
0.492602539	4.475969
0.494196625	4.487446
0.495790619	4.49894
0.497384613	4.510474
0.498978516	4.522061
0.500572418	4.533717
0.50216626	4.545453
0.503760071	4.557278
0.505353821	4.569201
0.50694751	4.581227
0.508541168	4.593364
0.510134766	4.605615
0.511728333	4.617981
0.513321838	4.630464
0.514915283	4.643062
0.516508667	4.655772
0.518102051	4.668593
0.519695435	4.681518
0.521288696	4.694542
0.522881897	4.707657
0.524475037	4.720854
0.526068176	4.734121
0.527661255	4.747442
0.529254211	4.760792
0.530847168	4.774148
0.532440063	4.787498
0.534032959	4.80083
0.535625732	4.814138
0.537218506	4.827417
0.538811157	4.840663
0.540403809	4.853875
0.541996399	4.867053
0.543588928	4.880196
0.545181396	4.893308
0.546773804	4.906391
0.54836615	4.919452
0.549958496	4.932497
0.55155072	4.945536
0.553142944	4.958587
0.554735046	4.971665
0.556327148	4.984776
0.557919128	4.99793
0.559511108	5.011127
0.561102966	5.024374
0.562694824	5.037673
0.564286621	5.051024
0.565878296	5.064429
0.567470032	5.077888
0.569061646	5.091398
0.570653137	5.10496
0.572244629	5.118572
0.57383606	5.13223
0.575427368	5.145933
0.577018677	5.159673
0.578609863	5.173444
0.58020105	5.187239
0.581792114	5.201053
0.583383179	5.214881
0.584974121	5.22872
0.586565063	5.242568
0.588155884	5.256422
0.589746704	5.270279
0.591337341	5.284139
0.592927979	5.298
0.594518555	5.311861
0.59610907	5.325721
0.597699524	5.339578
0.599289917	5.353432
0.600880188	5.367282
0.602470398	5.381129
0.604060608	5.394971
0.605650696	5.408809
0.607240723	5.422642
0.608830688	5.43647
0.610420532	5.450294
0.612010376	5.464114
0.613600098	5.477929
0.615189758	5.491741
0.616779358	5.505549
0.618368896	5.519354
0.619958374	5.533156
0.621547729	5.546956
0.623137024	5.560755
0.624726257	5.574553
0.62631543	5.58835
0.62790448	5.602149
0.62949353	5.615949
0.631082458	5.629753
0.632671265	5.643561
0.634260132	5.657375
0.635848755	5.671197
0.637437378	5.68503
0.639026001	5.698877
0.640614441	5.712743
0.64220282	5.726629
0.643791138	5.740537
0.645379395	5.754467
0.64696759	5.76842
0.648555664	5.782398
0.650143677	5.796399
0.651731567	5.810425
0.653319458	5.824475
0.654907166	5.838549
0.656494873	5.852646
0.658082458	5.866767
0.659669983	5.880909
0.661257446	5.895074
0.662844788	5.909259
0.664432007	5.923463
0.666019165	5.937686
0.667606323	5.951926
0.669193298	5.966182
0.670780273	5.980451
0.672367065	5.994732
0.673953857	6.009021
0.675540527	6.023316
0.677127136	6.037615
0.678713623	6.051916
0.680300049	6.066218
0.681886353	6.08052
0.683472656	6.09482
0.685058777	6.109118
0.686644897	6.123414
0.688230835	6.137704
0.689816772	6.15199
0.691402527	6.166272
0.69298822	6.180547
0.694573853	6.194816
0.696159424	6.209078
0.697744873	6.223333
0.6993302	6.237581
0.700915466	6.251821
0.70250061	6.266053
0.704085693	6.280276
0.705670715	6.294493
0.707255554	6.3087
0.708840393	6.322899
0.71042511	6.337091
0.712009705	6.351274
0.713594177	6.36545
0.715178589	6.379619
0.716762939	6.393781
0.718347168	6.407935
0.719931335	6.422083
0.721515381	6.436224
0.723099304	6.450358
0.724683167	6.464485
0.726266907	6.478606
0.727850525	6.49272
0.729434143	6.506829
0.731017578	6.52093
0.732600952	6.535026
0.734184204	6.549116
0.735767334	6.5632
0.737350403	6.577278
0.73893335	6.591351
0.740516235	6.605418
0.742098999	6.619481
0.743681641	6.633538
0.745264221	6.647591
0.746846619	6.66164
0.748429016	6.675685
0.75001123	6.689727
0.751593384	6.703766
0.753175415	6.717803
0.754757385	6.731839
0.756339233	6.745874
0.757920959	6.759911
0.759502563	6.77395
0.761084106	6.787991
0.762665527	6.802035
0.764246826	6.816083
0.765828003	6.830133
0.767409119	6.844188
0.768990112	6.858246
0.770570984	6.872307
0.772151733	6.886372
0.773732483	6.900441
0.775312988	6.914513
0.776893433	6.928588
0.778473755	6.942666
0.780054077	6.956748
0.781634155	6.970831
0.783214172	6.984916
0.784794067	6.999004
0.786373901	7.013093
0.787953552	7.027184
0.789533081	7.041275
0.79111261	7.055366
0.792691956	7.069458
0.794271118	7.083548
0.795850281	7.097638
0.797429321	7.111726
0.799008179	7.125812
0.800586975	7.139895
0.802165649	7.153974
0.803744202	7.168049
0.805322632	7.182117
0.80690094	7.196179
0.808479126	7.210233
0.810057251	7.224277
0.811635193	7.238312
0.813213013	7.252337
0.814790771	7.266352
0.816368408	7.280356
0.817945923	7.294348
0.819523254	7.308329
0.821100586	7.322299
0.822677734	7.336257
0.8242547	7.350201
0.825831665	7.364135
0.827408386	7.378056
0.828985046	7.391964
0.830561646	7.405861
0.832138062	7.419745
0.833714355	7.433616
0.835290527	7.447476
0.836866577	7.461323
0.838442505	7.475158
0.840018372	7.488982
0.841594055	7.502794
0.843169617	7.516595
0.844744995	7.530384
0.846320313	7.544162
0.847895508	7.55793
0.849470581	7.571689
0.851045593	7.585438
0.852620422	7.599177
0.854195007	7.612907
0.855769653	7.62663
0.857344055	7.640345
0.858918335	7.654053
0.860492554	7.667757
0.862066589	7.681456
0.863640503	7.695153
0.865214355	7.708848
0.866787964	7.722543
0.868361511	7.736238
0.869934937	7.749934
0.871508179	7.763631
0.87308136	7.777329
0.874654419	7.791029
0.876227356	7.804732
0.87780011	7.818438
0.879372681	7.832145
0.88094519	7.845856
0.882517456	7.859568
0.884089722	7.873285
0.885661804	7.887005
0.887233765	7.900728
0.888805664	7.914455
0.890377319	7.928185
0.891948914	7.941918
0.893520325	7.955655
0.895091614	7.969394
0.896662781	7.983138
0.898233765	7.996885
0.899804688	8.010634
0.901375366	8.024387
0.902945984	8.038144
0.904516479	8.051904
0.906086792	8.065666
0.907656921	8.079432
0.909227051	8.093201
0.910796997	8.106972
0.912366699	8.120746
0.91393634	8.134522
0.915505859	8.148303
0.917075195	8.162085
0.918644409	8.17587
0.920213501	8.189657
0.92178241	8.203448
0.923351257	8.217242
0.924919922	8.231039
0.926488403	8.244839
0.928056763	8.258642
0.929625	8.27245
0.931193054	8.286263
0.932760925	8.300077
0.934328796	8.313899
0.935896362	8.327723
0.937463867	8.341551
0.93903125	8.355383
0.94059845	8.369219
0.942165527	8.383059
0.943732422	8.3969
0.945299194	8.410746
0.946865845	8.424593
0.948432312	8.438443
0.949998657	8.452295
0.951564819	8.466149
0.953130859	8.480004
0.954696777	8.49386
0.956262512	8.507717
0.957828125	8.521574
0.959393555	8.535431
0.960958801	8.549286
0.962523926	8.563142
0.964088989	8.576995
0.965653809	8.590847
0.967218445	8.604696
0.96878302	8.618543
0.970347351	8.632385
0.971911621	8.646225
0.973475708	8.66006
0.975039551	8.67389
0.976603333	8.687715
0.978166992	8.701534
0.979730347	8.715347
0.981293762	8.729154
0.982856812	8.742952
0.9844198	8.756742
0.985982727	8.770526
0.98754541	8.784299
0.98910791	8.798061
0.990670288	8.811814
0.992232544	8.825556
0.993794556	8.839286
0.995356445	8.853003
0.996918152	8.866706
0.998479797	8.880395
1.011449524	8.993411
1.014837524	9.022691
1.018225952	9.051864
1.021614868	9.080924
1.025004272	9.109872
1.028394165	9.138704
1.031784424	9.16742
1.035175293	9.19602
1.03856665	9.224505
1.041958252	9.252875
1.045350586	9.281134
1.048743286	9.309281
1.052136475	9.337323
1.055530029	9.365261
1.058924194	9.3931
1.062318848	9.420844
1.065713867	9.4485
1.069109497	9.476072
1.072505493	9.503569
1.075901978	9.530997
1.07929895	9.558367
1.082696411	9.58569
1.08609436	9.612976
1.089492676	9.640245
1.092891602	9.667526
1.096290894	9.694843
1.099690674	9.722218
1.103091064	9.74966
1.106491821	9.77718
1.109893066	9.804785
1.113294678	9.83248
1.116697021	9.860271
1.120099609	9.888158
1.123502686	9.916142
1.126906372	9.944222
1.130310425	9.9724
1.133714966	10.00067
1.137119995	10.029034
1.140525513	10.057485
1.143931396	10.08602
1.147337891	10.114635
1.150744873	10.143325
1.154152222	10.172085
1.157560059	10.200907
1.160968506	10.229787
1.164377197	10.258717
1.167786499	10.287689
1.171196289	10.316697
1.174606567	10.345734
1.178017212	10.374787
1.181428467	10.403853
1.184840088	10.43292
1.188252197	10.461975
1.191664795	10.491012
1.195077881	10.520015
1.198491455	10.548967
1.201905518	10.577849
1.205319946	10.606648
1.208734863	10.635351
1.212150269	10.663949
1.215566162	10.692432
1.218982666	10.720793
1.222399536	10.749022
1.225816772	10.777115
1.229234619	10.805064
1.232652954	10.832866
1.236071655	10.860514
1.239490845	10.888002
1.242910522	10.91533
1.246330811	10.942492
1.249751343	10.969483
1.253172485	10.996303
1.256593994	11.022946
1.260016113	11.049413
1.263438721	11.0757
1.266861572	11.101804
1.270285156	11.127726
1.273709106	11.153461
1.277133545	11.179012
1.28055835	11.204375
1.283983765	11.229551
1.287409668	11.254539
1.290835938	11.279338
1.294262695	11.303949
1.297689941	11.328372
1.301117676	11.352609
1.304545898	11.37666
1.307974609	11.400527
1.311403687	11.424212
1.314833374	11.447717
1.318263428	11.471045
1.321694092	11.494203
1.325125122	11.517197
1.328556519	11.54004
1.331988525	11.562746
1.335421021	11.585321
1.338853882	11.607771
1.342287354	11.630098
1.345721191	11.652308
1.349155518	11.674401
1.352590454	11.696377
1.356025635	11.718236
1.359461426	11.739978
1.362897705	11.761601
1.366334351	11.783105
1.369771606	11.804486
1.373209229	11.825742
1.376647339	11.846869
1.380085938	11.867864
1.383525024	11.888723
1.3869646	11.909442
1.390404541	11.930016
1.393844971	11.950439
1.397285889	11.970708
1.400727417	11.990816
1.404169312	12.010756
1.407611694	12.030524
1.411054443	12.050111
1.414497803	12.069512
1.41794165	12.088719
1.421385864	12.107725
1.424830688	12.126522
1.428275757	12.145101
1.431721436	12.163453
1.435167725	12.181571
1.438614258	12.199443
1.442061279	12.217059
1.445508911	12.23441
1.448956909	12.251486
1.452405518	12.268271
1.45585437	12.284756
1.459303955	12.300925
1.462753784	12.316766
1.466204224	12.33226
1.469655029	12.347392
1.473106323	12.362142
1.476558228	12.376487
1.480010498	12.390403
1.483463135	12.403856
1.486916382	12.416799
1.490370117	12.429161
1.493824341	12.440893
1.497278931	12.451957
1.500734131	12.462318
1.504189697	12.471951
1.507645752	12.480829
1.511102173	12.488935
1.514559204	12.496251
1.518016602	12.502763
1.521474609	12.508456
1.524932983	12.513323
1.528391846	12.517352
1.531851196	12.520538
1.535311035	12.522874
1.53877124	12.524355
1.542232056	12.524979
1.545693237	12.524742
1.549155029	12.523643
1.552617188	12.521682
1.556079834	12.518857
1.559542969	12.51517
1.563006592	12.510623
1.566470581	12.505218
1.569935181	12.498956
1.573400146	12.49184
1.576865601	12.483876
1.580331543	12.475066
1.583797974	12.465414
1.587264893	12.454926
1.590732178	12.443606
1.594199951	12.43146
1.597668335	12.418494
1.601137085	12.404713
1.604606323	12.390124
1.60807605	12.374733
1.611546143	12.358547
1.615016846	12.341573
1.618488037	12.323818
1.621959595	12.30529
1.625431641	12.285996
1.628904175	12.265945
1.632377197	12.245145
1.635850708	12.223603
1.639324585	12.20133
1.642799072	12.178333
1.646274048	12.154623
1.649749268	12.130209
1.65322522	12.1051
1.656701416	12.079309
1.660178101	12.052845
1.663655518	12.025718
1.667133179	11.997943
1.670611328	11.969533
1.674090088	11.940498
1.677569092	11.910858
1.681048584	11.880628
1.684528687	11.849823