0.250019531	0.158582
0.251615875	0.158549
0.253212234	0.157953
0.254808594	0.156744
0.256404968	0.15517
0.258001404	0.153868
0.259597809	0.153462
0.261194214	0.154342
0.262790649	0.156135
0.264387085	0.158311
0.265983551	0.160385
0.267580017	0.162149
0.269176483	0.163653
0.27077298	0.164962
0.272369446	0.166126
0.273965973	0.167128
0.275562469	0.167918
0.277158997	0.168449
0.278755524	0.16875
0.280352081	0.169158
0.281948608	0.170073
0.283545135	0.171865
0.285141693	0.174752
0.286738251	0.178352
0.288334839	0.182151
0.289931396	0.18567
0.291527985	0.188494
0.293124573	0.190569
0.29472113	0.192003
0.296317719	0.192905
0.297914307	0.193378
0.299510895	0.193533
0.301107483	0.193493
0.302704071	0.193376
0.30430069	0.193292
0.305897278	0.193337
0.307493866	0.19355
0.309090485	0.19394
0.310687073	0.194513
0.312283661	0.195275
0.31388028	0.196233
0.315476868	0.197431
0.317073456	0.198921
0.318670044	0.200752
0.320266632	0.20297
0.32186322	0.205599
0.323459808	0.208485
0.325056396	0.211392
0.326652954	0.214099
0.328249542	0.216395
0.32984613	0.218083
0.331442688	0.219181
0.333039246	0.219995
0.334635773	0.220835
0.33623233	0.221997
0.337828857	0.223761
0.339425385	0.226358
0.341021912	0.229606
0.342618439	0.233094
0.344214935	0.236427
0.345811462	0.239227
0.347407928	0.241133
0.349004425	0.24185
0.350600891	0.241738
0.352197357	0.24154
0.353793793	0.241968
0.355390259	0.243693
0.356986664	0.247347
0.358583099	0.253519
0.360179504	0.262258
0.361775909	0.272809
0.363372284	0.284388
0.364968658	0.296256
0.366565002	0.307716
0.368161346	0.318097
0.36975766	0.326776
0.371353973	0.333641
0.372950287	0.338995
0.37454657	0.343147
0.376142853	0.346402
0.377739075	0.349051
0.379335327	0.351379
0.380931549	0.353658
0.382527771	0.356035
0.384123932	0.358505
0.385720093	0.361052
0.387316223	0.363656
0.388912384	0.366297
0.390508484	0.368958
0.392104553	0.37162
0.393700623	0.374265
0.395296692	0.37687
0.396892731	0.379409
0.398488708	0.38186
0.400084717	0.384198
0.401680695	0.386401
0.403276642	0.388447
0.404872559	0.390315
0.406468445	0.391986
0.408064331	0.393505
0.409660156	0.394955
0.411256012	0.396416
0.412851807	0.397965
0.414447571	0.399678
0.416043304	0.401624
0.417639069	0.40387
0.419234772	0.406483
0.420830414	0.409508
0.422426086	0.412925
0.424021729	0.416695
0.425617279	0.420783
0.427212891	0.42515
0.428808411	0.429761
0.4304039	0.434584
0.43199942	0.439585
0.433594818	0.444734
0.435190277	0.450001
0.436785645	0.455362
0.438381012	0.460796
0.439976379	0.466283
0.441571625	0.471803
0.443166931	0.477337
0.444762146	0.482869
0.446357361	0.488381
0.447952545	0.493856
0.449547668	0.499276
0.451142761	0.504628
0.452737854	0.509936
0.454332855	0.515242
0.455927887	0.52059
0.457522858	0.526021
0.459117767	0.531576
0.460712708	0.537293
0.462307556	0.543211
0.463902405	0.549365
0.465497162	0.555793
0.467091888	0.562531
0.468686615	0.5696
0.470281311	0.57695
0.471875916	0.584514
0.47347052	0.592224
0.475065094	0.600015
0.476659607	0.607825
0.478254089	0.615592
0.479848541	0.623257
0.481442932	0.630765
0.483037292	0.638059
0.484631592	0.645085
0.486225891	0.65179
0.487820129	0.658149
0.489414307	0.664176
0.491008453	0.669892
0.492602539	0.675317
0.494196625	0.68047
0.495790619	0.68537
0.497384613	0.690037
0.498978516	0.694488
0.500572418	0.698743
0.50216626	0.702818
0.503760071	0.706731
0.505353821	0.710497
0.50694751	0.714134
0.508541168	0.717656
0.510134766	0.721083
0.511728333	0.724429
0.513321838	0.72771
0.514915283	0.730942
0.516508667	0.73414
0.518102051	0.737318
0.519695435	0.740489
0.521288696	0.743667
0.522881897	0.746865
0.524475037	0.750096
0.526068176	0.753373
0.527661255	0.756707
0.529254211	0.760106
0.530847168	0.763563
0.532440063	0.767067
0.534032959	0.770608
0.535625732	0.774176
0.537218506	0.777762
0.538811157	0.781355
0.540403809	0.784947
0.541996399	0.788528
0.543588928	0.792089
0.545181396	0.795621
0.546773804	0.799117
0.54836615	0.802566
0.549958496	0.805961
0.55155072	0.809294
0.553142944	0.81256
0.554735046	0.815767
0.556327148	0.81892
0.557919128	0.822028
0.559511108	0.825097
0.561102966	0.828133
0.562694824	0.831145
0.564286621	0.834138
0.565878296	0.837119
0.567470032	0.840093
0.569061646	0.843068
0.570653137	0.846049
0.572244629	0.849041
0.57383606	0.85205
0.575427368	0.855083
0.577018677	0.858143
0.578609863	0.861236
0.58020105	0.864361
0.581792114	0.867517
0.583383179	0.870703
0.584974121	0.873917
0.586565063	0.877157
0.588155884	0.880423
0.589746704	0.883712
0.591337341	0.887023
0.592927979	0.890355
0.594518555	0.893706
0.59610907	0.897075
0.597699524	0.90046
0.599289917	0.90386
0.600880188	0.907274
0.602470398	0.9107
0.604060608	0.914137
0.605650696	0.917584
0.607240723	0.921039
0.608830688	0.924501
0.610420532	0.92797
0.612010376	0.931444
0.613600098	0.934922
0.615189758	0.938404
0.616779358	0.941888
0.618368896	0.945374
0.619958374	0.94886
0.621547729	0.952345
0.623137024	0.955829
0.624726257	0.959312
0.62631543	0.96279
0.62790448	0.966265
0.62949353	0.969736
0.631082458	0.9732
0.632671265	0.976658
0.634260132	0.980108
0.635848755	0.98355
0.637437378	0.986983
0.639026001	0.990406
0.640614441	0.993822
0.64220282	0.997234
0.643791138	1.000643
0.645379395	1.004053
0.64696759	1.007465
0.648555664	1.010882
0.650143677	1.014305
0.651731567	1.017738
0.653319458	1.021181
0.654907166	1.024637
0.656494873	1.028109
0.658082458	1.031596
0.659669983	1.035103
0.661257446	1.038629
0.662844788	1.042177
0.664432007	1.045749
0.666019165	1.049346
0.667606323	1.05297
0.669193298	1.056621
0.670780273	1.060303
0.672367065	1.064015
0.673953857	1.06776
0.675540527	1.071535
0.677127136	1.075341
0.678713623	1.079176
0.680300049	1.083041
0.681886353	1.086934
0.683472656	1.090855
0.685058777	1.094802
0.686644897	1.098776
0.688230835	1.102775
0.689816772	1.106799
0.691402527	1.110847
0.69298822	1.114917
0.694573853	1.119011
0.696159424	1.123126
0.697744873	1.127262
0.6993302	1.131419
0.700915466	1.135595
0.70250061	1.13979
0.704085693	1.144004
0.705670715	1.148235
0.707255554	1.152483
0.708840393	1.156747
0.71042511	1.161027
0.712009705	1.165322
0.713594177	1.169631
0.715178589	1.173955
0.716762939	1.178293
0.718347168	1.182644
0.719931335	1.187009
0.721515381	1.191388
0.723099304	1.195779
0.724683167	1.200183
0.726266907	1.2046
0.727850525	1.209029
0.729434143	1.213469
0.731017578	1.217922
0.732600952	1.222386
0.734184204	1.226861
0.735767334	1.231346
0.737350403	1.235843
0.73893335	1.24035
0.740516235	1.244866
0.742098999	1.249393
0.743681641	1.253929
0.745264221	1.258474
0.746846619	1.263028
0.748429016	1.26759
0.75001123	1.272161
0.751593384	1.27674
0.753175415	1.281326
0.754757385	1.285919
0.756339233	1.290519
0.757920959	1.295127
0.759502563	1.299744
0.761084106	1.30437
0.762665527	1.309005
0.764246826	1.313652
0.765828003	1.31831
0.767409119	1.32298
0.768990112	1.327663
0.770570984	1.33236
0.772151733	1.33707
0.773732483	1.341796
0.775312988	1.346536
0.776893433	1.351293
0.778473755	1.356066
0.780054077	1.360856
0.781634155	1.365664
0.783214172	1.370489
0.784794067	1.375333
0.786373901	1.380196
0.787953552	1.385078
0.789533081	1.38998
0.79111261	1.394902
0.792691956	1.399845
0.794271118	1.404808
0.795850281	1.409793
0.797429321	1.4148
0.799008179	1.419828
0.800586975	1.424879
0.802165649	1.429953
0.803744202	1.43505
0.805322632	1.44017
0.80690094	1.445313
0.808479126	1.450478
0.810057251	1.455665
0.811635193	1.460873
0.813213013	1.466101
0.814790771	1.471349
0.816368408	1.476617
0.817945923	1.481903
0.819523254	1.487207
0.821100586	1.492528
0.822677734	1.497866
0.8242547	1.50322
0.825831665	1.50859
0.827408386	1.513975
0.828985046	1.519374
0.830561646	1.524787
0.832138062	1.530213
0.833714355	1.535652
0.835290527	1.541103
0.836866577	1.546565
0.838442505	1.552038
0.840018372	1.557522
0.841594055	1.563016
0.843169617	1.568518
0.844744995	1.57403
0.846320313	1.579549
0.847895508	1.585077
0.849470581	1.590611
0.851045593	1.596152
0.852620422	1.601699
0.854195007	1.607251
0.855769653	1.612809
0.857344055	1.61837
0.858918335	1.623935
0.860492554	1.629504
0.862066589	1.635075
0.863640503	1.640649
0.865214355	1.646227
0.866787964	1.65181
0.868361511	1.657398
0.869934937	1.662992
0.871508179	1.668592
0.87308136	1.674198
0.874654419	1.679813
0.876227356	1.685435
0.87780011	1.691066
0.879372681	1.696705
0.88094519	1.702355
0.882517456	1.708014
0.884089722	1.713684
0.885661804	1.719365
0.887233765	1.725057
0.888805664	1.730761
0.890377319	1.736478
0.891948914	1.742207
0.893520325	1.747949
0.895091614	1.753704
0.896662781	1.759474
0.898233765	1.765257
0.899804688	1.771055
0.901375366	1.776868
0.902945984	1.782695
0.904516479	1.788539
0.906086792	1.794397
0.907656921	1.800271
0.909227051	1.806162
0.910796997	1.81207
0.912366699	1.817993
0.91393634	1.823933
0.915505859	1.829891
0.917075195	1.835865
0.918644409	1.841857
0.920213501	1.847866
0.92178241	1.853893
0.923351257	1.859937
0.924919922	1.865999
0.926488403	1.872079
0.928056763	1.878177
0.929625	1.884295
0.931193054	1.890431
0.932760925	1.896588
0.934328796	1.902766
0.935896362	1.908965
0.937463867	1.915185
0.93903125	1.921429
0.94059845	1.927695
0.942165527	1.933984
0.943732422	1.940297
0.945299194	1.946635
0.946865845	1.952998
0.948432312	1.959386
0.949998657	1.9658
0.951564819	1.97224
0.953130859	1.978706
0.954696777	1.985199
0.956262512	1.99172
0.957828125	1.998269
0.959393555	2.004845
0.960958801	2.01145
0.962523926	2.018083
0.964088989	2.024746
0.965653809	2.031438
0.967218445	2.03816
0.96878302	2.044911
0.970347351	2.051693
0.971911621	2.058505
0.973475708	2.065348
0.975039551	2.072222
0.976603333	2.079127
0.978166992	2.086064
0.979730347	2.093032
0.981293762	2.100032
0.982856812	2.107064
0.9844198	2.114128
0.985982727	2.121225
0.98754541	2.128355
0.98910791	2.135517
0.990670288	2.142713
0.992232544	2.149941
0.993794556	2.157203
0.995356445	2.164499
0.996918152	2.171828
0.998479797	2.179191
1.011449524	2.241658
1.014837524	2.258326
1.018225952	2.275124
1.021614868	2.292042
1.025004272	2.309073
1.028394165	2.326206
1.031784424	2.343434
1.035175293	2.360749
1.03856665	2.378141
1.041958252	2.395603
1.045350586	2.413128
1.048743286	2.430706
1.052136475	2.448332
1.055530029	2.465997
1.058924194	2.483694
1.062318848	2.501415
1.065713867	2.519154
1.069109497	2.536903
1.072505493	2.554654
1.075901978	2.572402
1.07929895	2.590137
1.082696411	2.607853
1.08609436	2.625541
1.089492676	2.643192
1.092891602	2.660801
1.096290894	2.678381
1.099690674	2.695947
1.103091064	2.713515
1.106491821	2.7311
1.109893066	2.748719
1.113294678	2.766386
1.116697021	2.784117
1.120099609	2.801924
1.123502686	2.819822
1.126906372	2.837825
1.130310425	2.855946
1.133714966	2.874195
1.137119995	2.892586
1.140525513	2.91113
1.143931396	2.929838
1.147337891	2.94872
1.150744873	2.967786
1.154152222	2.987047
1.157560059	3.006511
1.160968506	3.026187
1.164377197	3.046084
1.167786499	3.06621
1.171196289	3.086573
1.174606567	3.10718
1.178017212	3.128039
1.181428467	3.149157
1.184840088	3.170541
1.188252197	3.192197
1.191664795	3.214133
1.195077881	3.236355
1.198491455	3.25887
1.201905518	3.281675
1.205319946	3.304766
1.208734863	3.328136
1.212150269	3.351783
1.215566162	3.375699
1.218982666	3.399881
1.222399536	3.424322
1.225816772	3.449016
1.229234619	3.473958
1.232652954	3.499145
1.236071655	3.524569
1.239490845	3.550225
1.242910522	3.576111
1.246330811	3.602219
1.249751343	3.628544
1.253172485	3.655082
1.256593994	3.681829
1.260016113	3.708779
1.263438721	3.735929
1.266861572	3.763272
1.270285156	3.790806
1.273709106	3.818524
1.277133545	3.846424
1.28055835	3.874501
1.283983765	3.90275
1.287409668	3.931168
1.290835938	3.959749
1.294262695	3.988492
1.297689941	4.017389
1.301117676	4.046439
1.304545898	4.075637
1.307974609	4.104978
1.311403687	4.134459
1.314833374	4.164074
1.318263428	4.19382
1.321694092	4.22369
1.325125122	4.25368
1.328556519	4.283786
1.331988525	4.314017
1.335421021	4.344377
1.338853882	4.374875
1.342287354	4.405519
1.345721191	4.436317
1.349155518	4.467277
1.352590454	4.498406
1.356025635	4.529712
1.359461426	4.561203
1.362897705	4.592886
1.366334351	4.62477
1.369771606	4.656861
1.373209229	4.689167
1.376647339	4.721695
1.380085938	4.754451
1.383525024	4.787444
1.3869646	4.82068
1.390404541	4.854166
1.393844971	4.887908
1.397285889	4.921912
1.400727417	4.956189
1.404169312	4.990741
1.407611694	5.025578
1.411054443	5.060703
1.414497803	5.096126
1.41794165	5.131853
1.421385864	5.167889
1.424830688	5.204244
1.428275757	5.24092
1.431721436	5.277929
1.435167725	5.315276
1.438614258	5.352967
1.442061279	5.391011
1.445508911	5.429415
1.448956909	5.468188
1.452405518	5.507338
1.45585437	5.546872
1.459303955	5.586801
1.462753784	5.627133
1.466204224	5.66788
1.469655029	5.709052
1.473106323	5.75066
1.476558228	5.79272
1.480010498	5.835247
1.483463135	5.878257
1.486916382	5.921776
1.490370117	5.965793
1.493824341	6.010282
1.497278931	6.055213
1.500734131	6.100558
1.504189697	6.146284
1.507645752	6.192359
1.511102173	6.238754
1.514559204	6.285438
1.518016602	6.332379
1.521474609	6.37955
1.524932983	6.426919
1.528391846	6.47446
1.531851196	6.522143
1.535311035	6.569942
1.53877124	6.617828
1.542232056	6.665776
1.545693237	6.71376
1.549155029	6.761756
1.552617188	6.809738
1.556079834	6.857681
1.559542969	6.905565
1.563006592	6.953362
1.566470581	7.001053
1.569935181	7.048615
1.573400146	7.096025
1.576865601	7.143265
1.580331543	7.19031
1.583797974	7.237142
1.587264893	7.28374
1.590732178	7.330086
1.594199951	7.376158
1.597668335	7.421939
1.601137085	7.46741
1.604606323	7.512551
1.60807605	7.557344
1.611546143	7.601772
1.615016846	7.645817
1.618488037	7.68946
1.621959595	7.732684
1.625431641	7.775472
1.628904175	7.817806
1.632377197	7.859668
1.635850708	7.901042
1.639324585	7.94191
1.642799072	7.982254
1.646274048	8.022058
1.649749268	8.061302
1.65322522	8.099973
1.656701416	8.138045
1.660178101	8.175508
1.663655518	8.212338
1.667133179	8.248519
1.670611328	8.284029
1.674090088	8.318849
1.677569092	8.352956
1.681048584	8.386329
1.684528687	8.418942