0.3	1.61783946
0.31	1.65423659
0.32	1.68172004
0.33	1.69212673
0.34	1.68363206
0.35	1.65736939
0.36	1.63126096
0.37	1.61569793
0.38	1.60767985
0.39	1.60518794
0.4	1.59915947
0.41	1.58698287
0.42	1.56953206
0.43	1.54514587
0.44	1.51356155
0.45	1.47044934
0.46	1.41125099
0.47	1.32913574
0.48	1.21296262
0.49	1.06656637
0.5	0.906704742
0.51	0.761291669
0.52	0.639418671
0.53	0.554638906
0.54	0.487291101
0.55	0.434403561
0.56	0.391020095
0.57	0.355549579
0.58	0.325333725
0.59	0.298993077
0.6	0.277677889
0.61	0.258734449
0.62	0.24134197
0.63	0.226579103
0.64	0.215667805
0.65	0.204666045
0.66	0.19636131
0.67	0.189107572
0.68	0.184643121
0.69	0.178887146
0.7	0.17674719
0.71	0.175831732
0.72	0.175549525
0.73	0.176358218
0.74	0.1777416
0.75	0.179043511
0.76	0.180860178
0.77	0.181949436
0.78	0.185046347
0.79	0.185339889
0.8	0.187064345
0.81	0.189520204
0.82	0.195110208
0.83	0.193744024
0.84	0.197930018
0.85	0.199790075
0.86	0.205244053
0.87	0.211010171
0.88	0.21395881
0.89	0.212656461
0.9	0.216331153
0.91	0.21935199
0.92	0.22414654
0.93	0.229797483
0.94	0.232607781
0.95	0.23704489
0.96	0.240509086
0.97	0.246718218
0.98	0.250438281
0.99	0.256576978
1	0.25655369
1.01	0.263584649
1.02	0.2646218
1.03	0.278585592
1.04	0.283963428
1.05	0.288391969
1.06	0.290576756
1.07	0.298268038
1.08	0.305740907
1.09	0.304288195
1.1	0.310787119
1.11	0.320585844
1.12	0.323817758
1.13	0.331362368
1.14	0.335643765
1.15	0.33826523
1.16	0.343892181
1.17	0.353740945
1.18	0.354434494
1.19	0.36030252
1.2	0.367462172
1.21	0.368502468
1.22	0.379622097
1.23	0.385832929
1.24	0.391271341
1.25	0.397540274
1.26	0.406180459
1.27	0.404675711
1.28	0.410182453
1.29	0.41846701
1.3	0.427119383
1.31	0.43347882
1.32	0.438702623
1.33	0.444799144
1.34	0.453582764
1.35	0.461846521
1.36	0.469203894
1.37	0.474751914
1.38	0.481276075
1.39	0.48886687
1.4	0.492746002
1.41	0.504031585
1.42	0.510780248
1.43	0.510288532
1.44	0.519775692
1.45	0.527035273
1.46	0.532867313
1.47	0.544649492
1.48	0.547589218
1.49	0.555481749
1.5	0.558814908
1.51	0.57128982
1.52	0.578929627
1.53	0.584512947
1.54	0.593974095
1.55	0.595768292
1.56	0.604615236
1.57	0.608956178
1.58	0.618540012
1.59	0.62976668
1.6	0.643011418
1.61	0.646509141
1.62	0.654064212
1.63	0.66001648
1.64	0.669719247
1.65	0.676406022
1.66	0.690263603
1.67	0.698898482
1.68	0.702935018
1.69	0.705036798
1.7	0.727437326
1.71	0.725509695
1.72	0.734958354
1.73	0.742519492
1.74	0.748727421
1.75	0.753407718
1.76	0.760841931
1.77	0.769842834
1.78	0.777584532
1.79	0.786724744
1.8	0.795400415
1.81	0.809131832
1.82	0.814552818
1.83	0.82060085
1.84	0.828590025
1.85	0.838228471
1.86	0.844166212
1.87	0.852370186
1.88	0.864016715
1.89	0.870248673
1.9	0.888674006
1.91	0.900940666
1.92	0.911992415
1.93	0.918093169
1.94	0.926388921
1.95	0.93614448
1.96	0.942111589
1.97	0.950296795
1.98	0.960693627
1.99	0.972762005
2	0.982293583